-------------------------------------------------------------------------------------------------------------------------------
 TEST ONE
-------------------------------------------------------------------------------------------------------------------------------

Starting Board: [17, 19, 12, 14, 6, 22, 20, 10, 15, 9, 10, 3, 5, 10, 19, 2, 11, 5, 9, 25, 19, 17, 5, 18, 14]  Fitness: 35

A 25N Queen Solution (MinConflict): 
Solved Board:   [9, 16, 0, 5, 20, 2, 14, 24, 15, 12, 6, 3, 13, 23, 8, 4, 11, 1, 22, 25, 19, 21, 7, 10, 17]  Fitness: 0
Run Time: 0.006 seconds 

-------------------------------------------------------------------------------------------------------------------------------
 TEST TWO
-------------------------------------------------------------------------------------------------------------------------------

Starting Board: [5, 8, 13, 21, 14, 18, 23, 10, 18, 21, 4, 21, 17, 13, 22, 1, 18, 8, 22, 9, 25, 8, 20, 17, 25]  Fitness: 25

A 25N Queen Solution (MinConflict): 
Solved Board:   [5, 20, 13, 21, 14, 7, 3, 10, 22, 24, 4, 15, 19, 6, 23, 1, 11, 17, 2, 9, 18, 8, 0, 12, 16]  Fitness: 0
Run Time: 0.008 seconds 

-------------------------------------------------------------------------------------------------------------------------------
 TEST THREE
-------------------------------------------------------------------------------------------------------------------------------

Starting Board: [20, 15, 3, 17, 24, 25, 16, 5, 6, 6, 22, 10, 9, 8, 24, 16, 3, 10, 16, 9, 15, 18, 12, 7, 3]  Fitness: 33

A 25N Queen Solution (MinConflict): 
Solved Board:   [17, 5, 3, 16, 19, 13, 22, 7, 2, 23, 15, 20, 1, 8, 24, 11, 14, 10, 4, 21, 0, 18, 12, 6, 9]  Fitness: 0
Run Time: 0.005 seconds 

